hs2 11800 12425 5
hs2 14925 15550 10
hs2 18050 18675 15
hs2 21175 21800 20
hs2 24300 24925 25
hs2 27425 28050 30
hs2 30550 31175 35
hs2 33675 34300 40
hs2 36800 37425 45
hs2 39925 40550 50
hs2 43050 43675 55
hs2 46175 46800 60
hs2 49300 49925 65
hs2 52425 53050 70
hs2 55550 56175 75
hs2 58675 59300 80
hs2 61800 62425 85
hs2 64925 65550 90
hs2 68050 68675 95
hs2 71175 71800 100
hs2 74300 74925 105
hs2 77425 78050 110
hs2 80550 81175 115
hs2 83675 84300 120
hs2 86800 87425 125
hs2 89925 90550 130
hs2 93050 93675 135
hs2 96175 96800 140
hs2 99300 99925 145
hs2 102425 103050 150
hs2 105550 106175 155
hs2 108675 109300 160
hs2 111800 112425 165
hs2 114925 115550 170
hs2 118050 118675 175
hs2 121175 121800 180
hs2 124300 124925 185
hs2 127425 128050 190
hs2 130550 131175 195
hs2 133675 134300 200
hs2 136800 137425 205
hs2 139925 140550 210
hs2 143050 143675 215
hs2 146175 146800 220
hs2 149300 149925 225
hs2 152425 153050 230
hs2 155550 156175 235
hs2 158675 159300 240
hs2 161800 162425 245
hs2 164925 165550 250
hs2 168050 168675 255
hs2 171175 171800 260
hs2 174300 174925 265
hs2 177425 178050 270
hs2 180550 181175 275
hs2 183675 184300 280
hs2 186800 187425 285
hs2 189925 190550 290
hs2 193050 193675 295
hs2 196175 196800 300
hs2 199300 199925 305
hs2 202425 203050 310
hs2 205550 206175 315
hs2 208675 209300 320