hs1 7000 7001 hs2 48675 49300 color=(12.847665,7.599765,134.633625,.75)
hs1 7000 7001 hs2 51175 51800 color=(12.847665,7.599765,134.633625,.75)
hs1 7000 7001 hs2 53675 54300 color=(236.723895,120.60862499999999,83.147085,.75)
hs1 7000 7001 hs2 56175 56800 color=(236.723895,120.60862499999999,83.147085,.75)
hs1 7000 7001 hs2 56800 57425 color=(114.16707,0.5304,168.36120000000003,.75)
hs1 7000 7001 hs2 57425 58050 color=(114.16707,0.5304,168.36120000000003,.75)
hs1 7000 7001 hs2 58050 58675 color=(114.16707,0.5304,168.36120000000003,.75)
hs1 7000 7001 hs2 58675 59300 color=(114.16707,0.5304,168.36120000000003,.75)
hs1 7000 7001 hs2 69300 69925 color=(12.847665,7.599765,134.633625,.75)
hs1 7000 7001 hs2 69925 70550 color=(12.847665,7.599765,134.633625,.75)
hs1 7000 7001 hs2 77425 78050 color=(12.847665,7.599765,134.633625,.75)
hs1 7000 7001 hs2 84925 85550 color=(12.847665,7.599765,134.633625,.75)
hs1 7000 7001 hs2 86800 87425 color=(12.847665,7.599765,134.633625,.75)
hs1 7000 7001 hs2 88675 89300 color=(12.847665,7.599765,134.633625,.75)
hs1 7000 7001 hs2 95550 96175 color=(69.918705,3.087795,158.79411,.75)
hs1 7000 7001 hs2 96175 96800 color=(69.918705,3.087795,158.79411,.75)
hs1 7000 7001 hs2 98675 99300 color=(12.847665,7.599765,134.633625,.75)
hs1 7000 7001 hs2 101175 101800 color=(12.847665,7.599765,134.633625,.75)
hs1 7000 7001 hs2 103675 104300 color=(69.918705,3.087795,158.79411,.75)
hs1 7000 7001 hs2 106175 106800 color=(69.918705,3.087795,158.79411,.75)
hs1 7000 7001 hs2 106800 107425 color=(69.918705,3.087795,158.79411,.75)
hs1 7000 7001 hs2 107425 108050 color=(69.918705,3.087795,158.79411,.75)
hs1 7000 7001 hs2 108050 108675 color=(69.918705,3.087795,158.79411,.75)
hs1 7000 7001 hs2 108675 109300 color=(69.918705,3.087795,158.79411,.75)
hs1 7000 7001 hs2 145550 146175 color=(69.918705,3.087795,158.79411,.75)
hs1 7000 7001 hs2 146175 146800 color=(69.918705,3.087795,158.79411,.75)
hs1 7000 7001 hs2 153675 154300 color=(69.918705,3.087795,158.79411,.75)
hs1 7000 7001 hs2 156175 156800 color=(69.918705,3.087795,158.79411,.75)
hs1 7000 7001 hs2 156800 157425 color=(69.918705,3.087795,158.79411,.75)
hs1 7000 7001 hs2 157425 158050 color=(69.918705,3.087795,158.79411,.75)
hs1 7000 7001 hs2 158050 158675 color=(69.918705,3.087795,158.79411,.75)
hs1 7000 7001 hs2 158675 159300 color=(69.918705,3.087795,158.79411,.75)
hs1 7000 7001 hs2 164925 165550 color=(69.918705,3.087795,158.79411,.75)
hs1 7000 7001 hs2 168675 169300 color=(69.918705,3.087795,158.79411,.75)
hs1 7000 7001 hs2 169300 169925 color=(12.847665,7.599765,134.633625,.75)
hs1 7000 7001 hs2 169925 170550 color=(12.847665,7.599765,134.633625,.75)
hs1 7000 7001 hs2 179925 180550 color=(69.918705,3.087795,158.79411,.75)
hs1 7000 7001 hs2 182425 183050 color=(12.847665,7.599765,134.633625,.75)
hs1 7000 7001 hs2 184925 185550 color=(12.847665,7.599765,134.633625,.75)
hs1 7000 7001 hs2 185550 186175 color=(215.93094,87.350505,107.24764499999999,.75)
hs1 7000 7001 hs2 186175 186800 color=(69.918705,3.087795,158.79411,.75)
hs1 7000 7001 hs2 186800 187425 color=(69.918705,3.087795,158.79411,.75)
hs1 7000 7001 hs2 187425 188050 color=(215.93094,87.350505,107.24764499999999,.75)
hs1 7000 7001 hs2 188050 188675 color=(69.918705,3.087795,158.79411,.75)
hs1 7000 7001 hs2 188675 189300 color=(69.918705,3.087795,158.79411,.75)
hs1 7000 7001 hs2 195550 196175 color=(69.918705,3.087795,158.79411,.75)
hs1 7000 7001 hs2 196175 196800 color=(69.918705,3.087795,158.79411,.75)
hs1 7000 7001 hs2 202425 203050 color=(12.847665,7.599765,134.633625,.75)
hs1 7000 7001 hs2 203675 204300 color=(69.918705,3.087795,158.79411,.75)
hs1 7000 7001 hs2 204925 205550 color=(12.847665,7.599765,134.633625,.75)
hs1 7000 7001 hs2 206175 206800 color=(69.918705,3.087795,158.79411,.75)
hs1 7000 7001 hs2 206800 207425 color=(114.16707,0.5304,168.36120000000003,.75)
hs1 7000 7001 hs2 207425 208050 color=(114.16707,0.5304,168.36120000000003,.75)
hs1 7000 7001 hs2 208050 208675 color=(114.16707,0.5304,168.36120000000003,.75)
hs1 7000 7001 hs2 208675 209300 color=(114.16707,0.5304,168.36120000000003,.75)
