hs1 1000 1001 hs2 47928 48594 color=(12.847665,7.599765,134.633625,.75)
hs1 1000 1001 hs2 50592 51258 color=(12.847665,7.599765,134.633625,.75)
hs1 1000 1001 hs2 53256 53922 color=(236.723895,120.60862499999999,83.147085,.75)
hs1 1000 1001 hs2 55920 56586 color=(236.723895,120.60862499999999,83.147085,.75)
hs1 1000 1001 hs2 56586 57252 color=(114.16707,0.5304,168.36120000000003,.75)
hs1 1000 1001 hs2 57252 57918 color=(114.16707,0.5304,168.36120000000003,.75)
hs1 1000 1001 hs2 57918 58584 color=(114.16707,0.5304,168.36120000000003,.75)
hs1 1000 1001 hs2 58584 59250 color=(114.16707,0.5304,168.36120000000003,.75)
hs1 1000 1001 hs2 67908 68574 color=(12.847665,7.599765,134.633625,.75)
hs1 1000 1001 hs2 68574 69240 color=(12.847665,7.599765,134.633625,.75)
hs1 1000 1001 hs2 76566 77232 color=(12.847665,7.599765,134.633625,.75)
hs1 1000 1001 hs2 84558 85224 color=(12.847665,7.599765,134.633625,.75)
hs1 1000 1001 hs2 86556 87222 color=(12.847665,7.599765,134.633625,.75)
hs1 1000 1001 hs2 88554 89220 color=(12.847665,7.599765,134.633625,.75)
hs1 1000 1001 hs2 94548 95214 color=(69.918705,3.087795,158.79411,.75)
hs1 1000 1001 hs2 95214 95880 color=(69.918705,3.087795,158.79411,.75)
hs1 1000 1001 hs2 97878 98544 color=(12.847665,7.599765,134.633625,.75)
hs1 1000 1001 hs2 100542 101208 color=(12.847665,7.599765,134.633625,.75)
hs1 1000 1001 hs2 103206 103872 color=(69.918705,3.087795,158.79411,.75)
hs1 1000 1001 hs2 105870 106536 color=(69.918705,3.087795,158.79411,.75)
hs1 1000 1001 hs2 106536 107202 color=(69.918705,3.087795,158.79411,.75)
hs1 1000 1001 hs2 107202 107868 color=(69.918705,3.087795,158.79411,.75)
hs1 1000 1001 hs2 107868 108534 color=(69.918705,3.087795,158.79411,.75)
hs1 1000 1001 hs2 108534 109200 color=(69.918705,3.087795,158.79411,.75)
hs1 1000 1001 hs2 144498 145164 color=(69.918705,3.087795,158.79411,.75)
hs1 1000 1001 hs2 145164 145830 color=(69.918705,3.087795,158.79411,.75)
hs1 1000 1001 hs2 153156 153822 color=(69.918705,3.087795,158.79411,.75)
hs1 1000 1001 hs2 155820 156486 color=(69.918705,3.087795,158.79411,.75)
hs1 1000 1001 hs2 156486 157152 color=(69.918705,3.087795,158.79411,.75)
hs1 1000 1001 hs2 157152 157818 color=(69.918705,3.087795,158.79411,.75)
hs1 1000 1001 hs2 157818 158484 color=(69.918705,3.087795,158.79411,.75)
hs1 1000 1001 hs2 158484 159150 color=(69.918705,3.087795,158.79411,.75)
hs1 1000 1001 hs2 161148 161814 color=(69.918705,3.087795,158.79411,.75)
hs1 1000 1001 hs2 167142 167808 color=(69.918705,3.087795,158.79411,.75)
hs1 1000 1001 hs2 167808 168474 color=(12.847665,7.599765,134.633625,.75)
hs1 1000 1001 hs2 168474 169140 color=(12.847665,7.599765,134.633625,.75)
hs1 1000 1001 hs2 179130 179796 color=(69.918705,3.087795,158.79411,.75)
hs1 1000 1001 hs2 181794 182460 color=(12.847665,7.599765,134.633625,.75)
hs1 1000 1001 hs2 184458 185124 color=(12.847665,7.599765,134.633625,.75)
hs1 1000 1001 hs2 185124 185790 color=(215.93094,87.350505,107.24764499999999,.75)
hs1 1000 1001 hs2 185790 186456 color=(69.918705,3.087795,158.79411,.75)
hs1 1000 1001 hs2 186456 187122 color=(69.918705,3.087795,158.79411,.75)
hs1 1000 1001 hs2 187122 187788 color=(215.93094,87.350505,107.24764499999999,.75)
hs1 1000 1001 hs2 187788 188454 color=(69.918705,3.087795,158.79411,.75)
hs1 1000 1001 hs2 188454 189120 color=(69.918705,3.087795,158.79411,.75)
hs1 1000 1001 hs2 194448 195114 color=(69.918705,3.087795,158.79411,.75)
hs1 1000 1001 hs2 195114 195780 color=(69.918705,3.087795,158.79411,.75)
hs1 1000 1001 hs2 201774 202440 color=(12.847665,7.599765,134.633625,.75)
hs1 1000 1001 hs2 203106 203772 color=(69.918705,3.087795,158.79411,.75)
hs1 1000 1001 hs2 204438 205104 color=(12.847665,7.599765,134.633625,.75)
hs1 1000 1001 hs2 205770 206436 color=(69.918705,3.087795,158.79411,.75)
hs1 1000 1001 hs2 206436 207102 color=(114.16707,0.5304,168.36120000000003,.75)
hs1 1000 1001 hs2 207102 207768 color=(114.16707,0.5304,168.36120000000003,.75)
hs1 1000 1001 hs2 207768 208434 color=(114.16707,0.5304,168.36120000000003,.75)
hs1 1000 1001 hs2 208434 209100 color=(114.16707,0.5304,168.36120000000003,.75)
