hs1 1000 1001 hs2 46800 47425 color=(12.847665,7.599765,134.633625,.75)
hs1 1000 1001 hs2 47425 48050 color=(12.847665,7.599765,134.633625,.75)
hs1 1000 1001 hs2 48050 48675 color=(69.918705,3.087795,158.79411,.75)
hs1 1000 1001 hs2 48675 49300 color=(155.72008499999998,23.00202,158.08750500000002,.75)
hs1 1000 1001 hs2 49300 49925 color=(12.847665,7.599765,134.633625,.75)
hs1 1000 1001 hs2 49925 50550 color=(12.847665,7.599765,134.633625,.75)
hs1 1000 1001 hs2 50550 51175 color=(69.918705,3.087795,158.79411,.75)
hs1 1000 1001 hs2 51175 51800 color=(155.72008499999998,23.00202,158.08750500000002,.75)
hs1 1000 1001 hs2 51800 52425 color=(12.847665,7.599765,134.633625,.75)
hs1 1000 1001 hs2 52425 53050 color=(12.847665,7.599765,134.633625,.75)
hs1 1000 1001 hs2 53050 53675 color=(236.723895,120.60862499999999,83.147085,.75)
hs1 1000 1001 hs2 53675 54300 color=(239.70382500000002,248.66529,33.48813,.75)
hs1 1000 1001 hs2 54300 54925 color=(12.847665,7.599765,134.633625,.75)
hs1 1000 1001 hs2 54925 55550 color=(12.847665,7.599765,134.633625,.75)
hs1 1000 1001 hs2 55550 56175 color=(236.723895,120.60862499999999,83.147085,.75)
hs1 1000 1001 hs2 56175 56800 color=(239.70382500000002,248.66529,33.48813,.75)
hs1 1000 1001 hs2 56800 57425 color=(215.93094,87.350505,107.24764499999999,.75)
hs1 1000 1001 hs2 57425 58050 color=(215.93094,87.350505,107.24764499999999,.75)
hs1 1000 1001 hs2 58050 58675 color=(215.93094,87.350505,107.24764499999999,.75)
hs1 1000 1001 hs2 58675 59300 color=(215.93094,87.350505,107.24764499999999,.75)
hs1 1000 1001 hs2 60550 61175 color=(12.847665,7.599765,134.633625,.75)
hs1 1000 1001 hs2 64300 64925 color=(12.847665,7.599765,134.633625,.75)
hs1 1000 1001 hs2 67425 68050 color=(12.847665,7.599765,134.633625,.75)
hs1 1000 1001 hs2 68675 69300 color=(12.847665,7.599765,134.633625,.75)
hs1 1000 1001 hs2 69300 69925 color=(69.918705,3.087795,158.79411,.75)
hs1 1000 1001 hs2 69925 70550 color=(69.918705,3.087795,158.79411,.75)
hs1 1000 1001 hs2 74925 75550 color=(12.847665,7.599765,134.633625,.75)
hs1 1000 1001 hs2 77425 78050 color=(114.16707,0.5304,168.36120000000003,.75)
hs1 1000 1001 hs2 81800 82425 color=(12.847665,7.599765,134.633625,.75)
hs1 1000 1001 hs2 82425 83050 color=(12.847665,7.599765,134.633625,.75)
hs1 1000 1001 hs2 84300 84925 color=(69.918705,3.087795,158.79411,.75)
hs1 1000 1001 hs2 84925 85550 color=(114.16707,0.5304,168.36120000000003,.75)
hs1 1000 1001 hs2 86175 86800 color=(12.847665,7.599765,134.633625,.75)
hs1 1000 1001 hs2 86800 87425 color=(114.16707,0.5304,168.36120000000003,.75)
hs1 1000 1001 hs2 88050 88675 color=(12.847665,7.599765,134.633625,.75)
hs1 1000 1001 hs2 88675 89300 color=(114.16707,0.5304,168.36120000000003,.75)
hs1 1000 1001 hs2 89300 89925 color=(69.918705,3.087795,158.79411,.75)
hs1 1000 1001 hs2 89925 90550 color=(69.918705,3.087795,158.79411,.75)
hs1 1000 1001 hs2 91800 92425 color=(114.16707,0.5304,168.36120000000003,.75)
hs1 1000 1001 hs2 92425 93050 color=(114.16707,0.5304,168.36120000000003,.75)
hs1 1000 1001 hs2 94300 94925 color=(12.847665,7.599765,134.633625,.75)
hs1 1000 1001 hs2 94925 95550 color=(12.847665,7.599765,134.633625,.75)
hs1 1000 1001 hs2 95550 96175 color=(188.736465,54.53532,133.67508,.75)
hs1 1000 1001 hs2 96175 96800 color=(188.736465,54.53532,133.67508,.75)
hs1 1000 1001 hs2 96800 97425 color=(12.847665,7.599765,134.633625,.75)
hs1 1000 1001 hs2 97425 98050 color=(12.847665,7.599765,134.633625,.75)
hs1 1000 1001 hs2 98050 98675 color=(69.918705,3.087795,158.79411,.75)
hs1 1000 1001 hs2 98675 99300 color=(236.723895,120.60862499999999,83.147085,.75)
hs1 1000 1001 hs2 99300 99925 color=(12.847665,7.599765,134.633625,.75)
hs1 1000 1001 hs2 99925 100550 color=(12.847665,7.599765,134.633625,.75)
hs1 1000 1001 hs2 100550 101175 color=(69.918705,3.087795,158.79411,.75)
hs1 1000 1001 hs2 101175 101800 color=(236.723895,120.60862499999999,83.147085,.75)
hs1 1000 1001 hs2 103050 103675 color=(188.736465,54.53532,133.67508,.75)
hs1 1000 1001 hs2 103675 104300 color=(236.723895,120.60862499999999,83.147085,.75)
hs1 1000 1001 hs2 105550 106175 color=(188.736465,54.53532,133.67508,.75)
hs1 1000 1001 hs2 106175 106800 color=(236.723895,120.60862499999999,83.147085,.75)
hs1 1000 1001 hs2 106800 107425 color=(236.723895,120.60862499999999,83.147085,.75)
hs1 1000 1001 hs2 107425 108050 color=(236.723895,120.60862499999999,83.147085,.75)
hs1 1000 1001 hs2 108050 108675 color=(236.723895,120.60862499999999,83.147085,.75)
hs1 1000 1001 hs2 108675 109300 color=(236.723895,120.60862499999999,83.147085,.75)
hs1 1000 1001 hs2 144300 144925 color=(12.847665,7.599765,134.633625,.75)
hs1 1000 1001 hs2 144925 145550 color=(12.847665,7.599765,134.633625,.75)
hs1 1000 1001 hs2 145550 146175 color=(188.736465,54.53532,133.67508,.75)
hs1 1000 1001 hs2 146175 146800 color=(188.736465,54.53532,133.67508,.75)
hs1 1000 1001 hs2 153050 153675 color=(12.847665,7.599765,134.633625,.75)
hs1 1000 1001 hs2 153675 154300 color=(188.736465,54.53532,133.67508,.75)
hs1 1000 1001 hs2 155550 156175 color=(12.847665,7.599765,134.633625,.75)
hs1 1000 1001 hs2 156175 156800 color=(188.736465,54.53532,133.67508,.75)
hs1 1000 1001 hs2 156800 157425 color=(236.723895,120.60862499999999,83.147085,.75)
hs1 1000 1001 hs2 157425 158050 color=(236.723895,120.60862499999999,83.147085,.75)
hs1 1000 1001 hs2 158050 158675 color=(236.723895,120.60862499999999,83.147085,.75)
hs1 1000 1001 hs2 158675 159300 color=(236.723895,120.60862499999999,83.147085,.75)
hs1 1000 1001 hs2 160550 161175 color=(12.847665,7.599765,134.633625,.75)
hs1 1000 1001 hs2 164300 164925 color=(12.847665,7.599765,134.633625,.75)
hs1 1000 1001 hs2 167425 168050 color=(12.847665,7.599765,134.633625,.75)
hs1 1000 1001 hs2 168675 169300 color=(114.16707,0.5304,168.36120000000003,.75)
hs1 1000 1001 hs2 169300 169925 color=(69.918705,3.087795,158.79411,.75)
hs1 1000 1001 hs2 169925 170550 color=(69.918705,3.087795,158.79411,.75)
hs1 1000 1001 hs2 171800 172425 color=(12.847665,7.599765,134.633625,.75)
hs1 1000 1001 hs2 172425 173050 color=(12.847665,7.599765,134.633625,.75)
hs1 1000 1001 hs2 179925 180550 color=(114.16707,0.5304,168.36120000000003,.75)
hs1 1000 1001 hs2 182425 183050 color=(69.918705,3.087795,158.79411,.75)
hs1 1000 1001 hs2 183050 183675 color=(12.847665,7.599765,134.633625,.75)
hs1 1000 1001 hs2 183675 184300 color=(12.847665,7.599765,134.633625,.75)
hs1 1000 1001 hs2 184300 184925 color=(12.847665,7.599765,134.633625,.75)
hs1 1000 1001 hs2 184925 185550 color=(69.918705,3.087795,158.79411,.75)
hs1 1000 1001 hs2 185550 186175 color=(69.918705,3.087795,158.79411,.75)
hs1 1000 1001 hs2 186175 186800 color=(69.918705,3.087795,158.79411,.75)
hs1 1000 1001 hs2 186800 187425 color=(114.16707,0.5304,168.36120000000003,.75)
hs1 1000 1001 hs2 187425 188050 color=(69.918705,3.087795,158.79411,.75)
hs1 1000 1001 hs2 188050 188675 color=(69.918705,3.087795,158.79411,.75)
hs1 1000 1001 hs2 188675 189300 color=(114.16707,0.5304,168.36120000000003,.75)
hs1 1000 1001 hs2 189300 189925 color=(12.847665,7.599765,134.633625,.75)
hs1 1000 1001 hs2 189925 190550 color=(12.847665,7.599765,134.633625,.75)
hs1 1000 1001 hs2 191800 192425 color=(69.918705,3.087795,158.79411,.75)
hs1 1000 1001 hs2 192425 193050 color=(69.918705,3.087795,158.79411,.75)
hs1 1000 1001 hs2 194300 194925 color=(12.847665,7.599765,134.633625,.75)
hs1 1000 1001 hs2 194925 195550 color=(12.847665,7.599765,134.633625,.75)
hs1 1000 1001 hs2 195550 196175 color=(188.736465,54.53532,133.67508,.75)
hs1 1000 1001 hs2 196175 196800 color=(188.736465,54.53532,133.67508,.75)
hs1 1000 1001 hs2 201800 202425 color=(12.847665,7.599765,134.633625,.75)
hs1 1000 1001 hs2 202425 203050 color=(12.847665,7.599765,134.633625,.75)
hs1 1000 1001 hs2 203050 203675 color=(69.918705,3.087795,158.79411,.75)
hs1 1000 1001 hs2 203675 204300 color=(188.736465,54.53532,133.67508,.75)
hs1 1000 1001 hs2 204300 204925 color=(12.847665,7.599765,134.633625,.75)
hs1 1000 1001 hs2 204925 205550 color=(12.847665,7.599765,134.633625,.75)
hs1 1000 1001 hs2 205550 206175 color=(69.918705,3.087795,158.79411,.75)
hs1 1000 1001 hs2 206175 206800 color=(188.736465,54.53532,133.67508,.75)
hs1 1000 1001 hs2 206800 207425 color=(215.93094,87.350505,107.24764499999999,.75)
hs1 1000 1001 hs2 207425 208050 color=(215.93094,87.350505,107.24764499999999,.75)
hs1 1000 1001 hs2 208050 208675 color=(215.93094,87.350505,107.24764499999999,.75)
hs1 1000 1001 hs2 208675 209300 color=(215.93094,87.350505,107.24764499999999,.75)
